1.0e-7	0.0001
1.0e-7	0.0001
1.0e-7	0.0001
1.0e-7	0.0001
1.0e-7	0.0001
1.0e-7	0.0001
1.0e-7	0.0001
1.0e-7	0.0001
1.0e-7	0.0001
1.0e-7	0.0001
1.0e-7	0.0001
1.0e-7	0.0001
1.0e-7	0.0001
1.0e-7	0.0001
1.0e-7	0.0001
1.0e-7	0.0001
1.0e-7	0.0001
1.0e-7	0.0001
1.0e-7	0.0001
1.0e-7	0.0001
1.0e-7	0.0001
1.0e-7	0.0001
1.0e-7	0.0001
1.0e-7	0.0001
1.0e-7	0.0001
1.0e-7	0.0001
0.0014292085395730212	0.00302047241867169
0.0019017849107544622	0.002638800194509804
0.006243627818609069	0.00645926554679803
0.039322873856307186	0.018112543757597913
0.4424053797310134	0.0017422970024627276
0.5476035598220089	0.0006015469968278078
0.6032672366381681	0.00039820117741016625
0.6420384580770961	0.00027863808753728856
0.6720838558072096	0.00021332592647137888
0.697069966501675	0.00017806125977412062
0.7181787110644468	0.00015272969625503084
0.7372257587120644	0.00013406187398403035
0.7538733663316834	0.00011521536653423967
0.7689182140892955	0.00010334730793586585
0.7823709614519274	9.385329585805291e-5
0.7941069346532673	8.681938691866334e-5
0.8042865856707164	8.041980019422934e-5
0.8127150042497875	7.550637404524398e-5
0.8197266536673167	7.211346625783939e-5
0.8252055997200141	6.849505448775228e-5
0.8289574321283935	6.83437906283889e-5
0.8314938853057345	6.639415125966903e-5
0.8327653017349133	6.784424247250155e-5
0.8332130193490326	6.65365437706682e-5
0.8332709164541773	6.619158756137093e-5
