3.6370654920802963e-12
3.6509891181885294e-12
3.665967474357235e-12
3.68136711523983e-12
3.69755747061044e-12
3.7143431090142014e-12
3.732616213124105e-12
3.7513400797662604e-12
3.771259192558851e-12
3.791669667873753e-12
3.813922233696913e-12
3.8372884277702715e-12
3.861511076956294e-12
3.887632942833309e-12
3.914607868798687e-12
3.943570543343934e-12
3.973356614912741e-12
4.005413997287751e-12
3.237598450553802e-12
3.2665210684734766e-12
3.2964801934312212e-12
3.328899969575689e-12
3.363193148760756e-12
3.39901249863436e-12
3.4367346349773393e-12
3.477205623798527e-12
3.52069946047253e-12
3.565884699522498e-12
3.6139155067715544e-12
3.665033294243504e-12
3.719320352472532e-12
3.7770736986925945e-12
3.838577542617705e-12
3.9040667889781925e-12
3.974069409932675e-12
4.0483291309934905e-12
3.316638678459517e-12
3.3855921824276747e-12
3.4590630554109185e-12
3.5380587975818882e-12
3.622512218378898e-12
3.713170742418438e-12
3.810734623046258e-12
3.91546173755304e-12
4.028322101135704e-12
3.3420672980765573e-12
3.4489188459326426e-12
3.5645953138161188e-12
3.689931575698387e-12
3.8258865904703826e-12
3.973540418115103e-12
4.134311591878052e-12
3.479613688724931e-12
3.6359374896610834e-12
3.807435456510013e-12
3.995441577050099e-12
4.2025297275811885e-12
3.586074482578026e-12
3.7925455928773965e-12
4.0215038239839564e-12
4.276276668510584e-12
3.699592136837274e-12
3.960017785212704e-12
4.252482600739874e-12
3.724921810618884e-12
4.030852436565875e-12
4.378253428038616e-12
3.890596909655346e-12
4.263649034275252e-12
3.8311098744461466e-12
4.2399262574687825e-12
3.856907156301587e-12
4.3151129810935e-12
3.9788872138007155e-12
4.505390650201402e-12
4.2169985173681314e-12
3.9815505705523626e-12
4.604523157422615e-12
4.423802368569691e-12
4.293346961687181e-12
4.211317800198159e-12
4.177444384594613e-12
4.193049410250684e-12
4.261336650068342e-12
4.387785758623273e-12
4.5806033998513955e-12
4.851690830714251e-12
4.375463041072663e-12
4.792385465321023e-12
5.338828169459882e-12
5.113356969991972e-12
5.015983283113033e-12
5.046269564556529e-12
5.213734054332693e-12
5.540122921450614e-12
5.1947363922329995e-12
5.885139500076835e-12
5.943159423952636e-12
6.258857221310992e-12
5.986000460949457e-12
6.046542515769072e-12
6.470910752030962e-12
6.47554137593549e-12
6.975114261680128e-12
7.211729638416165e-12
8.177871785946665e-12
8.231026274937253e-12
8.474517689146873e-12
9.151915948711768e-12
9.727692881358995e-12
1.0687615646157755e-11
1.1848918051882468e-11
1.338050107636739e-11
1.5143908380137803e-11
1.7192869666496406e-11
2.0855040311715775e-11
2.5624380035862528e-11
3.3627778060436156e-11
4.829072907657231e-11
8.770139623127954e-11
0.6493532791507303
0.6530631328419532
0.6567784947608543
0.660498701520884
0.6642229876741716
0.6679504895843101
0.6716802489119682
0.6754112157816259
0.6791422517130002
0.6828721323602949
0.6865995501268437
0.690323116684355
0.6940413654425996
0.6977527539995068
0.7014556665929412
0.7051484165921739
0.7088292490374828
0.7124963432495363
0.7161478155287546
0.7197817219489824
0.7233960612679887
0.7269887779499922
0.7305577653218502
0.7341008688567474
0.7376158896022321
0.7411005877421969
0.7445526863082176
0.7479698750363868
0.7513498143678866
0.7546901396037008
0.7579884652057411
0.7612423892559548
0.7644494980682754
0.7676073709652123
0.7707135852212024
0.7737657211902802
0.7767613676212303
0.7796981271880673
0.782573622252977
0.7853855008895056
0.7881314432047379
0.7908091679999072
0.7934164398175539
0.7959510764380909
0.7984109568892126
0.8007940300462851
0.8030983239090159
0.8053219556486757
0.8074631425278388
0.8095202138006703
0.8114916237053663
0.8133759656606475
0.815171987772924
0.8168786097515729
0.8184949413086402
0.8200203020928686
0.8214542431660823
0.8227965699720067
0.8240473666800826
0.8252070216862503
0.8262762539374953
0.8272561396069401
0.8281481384689144
0.8289541191254993
0.8296763820029217
0.8303176787803667
0.8308812266340189
0.8313707153889142
0.8317903053960883
0.8321446137017884
0.8324386859082757
0.8326779510817239
0.832868157229097
0.8330152853182432
0.8331254406961358
0.8332047221768502
0.8332590711644261
0.8332941060595913
0.8333149508699836
0.8333260712878515
0.833331136106066
