3.6097385524407688e-12
3.62208665772055e-12
3.635912167605425e-12
3.649537777920855e-12
3.664279273886676e-12
3.679305465128287e-12
3.6957648274412034e-12
3.712377101715218e-12
3.73053049379323e-12
3.748626511161153e-12
3.768442244164112e-12
3.789508750341304e-12
3.8110175843164685e-12
3.8344096194603615e-12
3.858193950981842e-12
3.884513652747375e-12
3.9107809887974794e-12
3.939411280234442e-12
3.969456909043338e-12
4.001074491499501e-12
4.033955318976326e-12
3.2621919568880676e-12
3.292400922438324e-12
3.3240671348014428e-12
3.3573925056663564e-12
3.393229027523577e-12
3.4314243379224054e-12
3.4709660867796633e-12
3.513060556097467e-12
3.558042796064514e-12
3.605493159703138e-12
3.6558638939841064e-12
3.709744395050558e-12
3.766554608136234e-12
3.82713414975332e-12
3.891626749062336e-12
3.96036434849924e-12
4.033644437308752e-12
3.303223934841065e-12
3.3713279598470254e-12
3.4435065649453282e-12
3.520708244000398e-12
3.603983162745984e-12
3.6924918611352764e-12
3.787809686016587e-12
3.8901424647709775e-12
4.00039682614319e-12
4.119403702324962e-12
3.421324597226484e-12
3.534044321209356e-12
3.655698254854157e-12
3.787434641699269e-12
3.9305927956552024e-12
4.086292403311817e-12
3.4353969276062857e-12
3.5863760923357828e-12
3.751481402017887e-12
3.9323356147559914e-12
4.131136728704617e-12
3.51942346106282e-12
3.716833828606509e-12
3.934850647401096e-12
4.17713671564332e-12
3.6059889423156798e-12
3.851986842148418e-12
4.127686709188374e-12
3.605404178684163e-12
3.8917726464469495e-12
4.215692441072465e-12
3.7328396284431505e-12
4.077593388679609e-12
3.648586723261924e-12
4.0227365740992956e-12
4.455258903586275e-12
4.0559049953172875e-12
3.718337652984522e-12
4.1886556837473946e-12
3.894141092362089e-12
4.4412679300696435e-12
4.1930487260917745e-12
3.994079123694788e-12
4.654982417053902e-12
4.513717586962562e-12
4.422009604918964e-12
4.3792941266663375e-12
4.3865773629863315e-12
4.446670896091602e-12
4.564477753747311e-12
4.7476111782914014e-12
5.006909481617642e-12
4.488961488758972e-12
4.88769100392476e-12
4.551112464594001e-12
5.1336490841293645e-12
4.984291919680212e-12
4.955741950876693e-12
5.052260256300023e-12
5.288106325812343e-12
5.690494368244804e-12
5.404840631215686e-12
5.326601759719221e-12
5.4577318508515225e-12
5.825978239394453e-12
6.493162803898774e-12
6.604490421228481e-12
6.2174837900386335e-12
7.116961754634147e-12
6.7538726532560855e-12
6.961870133527574e-12
7.83037511428629e-12
7.735742436026611e-12
8.589815752050934e-12
8.822749728187192e-12
9.588698092926753e-12
1.0340498222250483e-11
1.0642001190269832e-11
1.2071240509669049e-11
1.2843134872407956e-11
1.439069658727962e-11
1.617913362087506e-11
1.9132775712867905e-11
2.2339411027525385e-11
2.751583738591032e-11
3.588838426453331e-11
5.121383959256685e-11
9.526649360029228e-11
0.6715119156068152
0.6752171086305229
0.6789222908374329
0.6826262642782182
0.6863277540371797
0.6900254106932205
0.6937178127273214
0.6974034688912528
0.7010808205710402
0.704748244159964
0.7084040534500644
0.7120465020655248
0.71567378593905
0.7192840458491563
0.7228753700159549
0.7264457967700424
0.7299933172915989
0.7335158784264817
0.7370113855777953
0.740477705681097
0.7439126702532669
0.7473140785260339
0.7506797006576802
0.7540072810263421
0.7572945416058469
0.7605391854266268
0.7637389001262194
0.7668913615933599
0.7699942377201004
0.7730451922659305
0.7760418888594294
0.778981995150154
0.781863187146438
0.7846831537647628
0.7874396016403509
0.7901302602450461
0.7927528873758247
0.7953052750872924
0.7977852561514821
0.8001907111475023
0.8025195762926925
0.804769852146058
0.8069396133293544
0.809027019427028
0.8110303272408323
0.8129479045874758
0.8147782458363687
0.81651998938852
0.818171937292407
0.8197330771774417
0.8212026066562578
0.8225799602933396
0.8238648391697098
0.8250572429578832
0.8261575042837992
0.827166324955379
0.8280848133952713
0.8289145223078652
0.8296574852355879
0.8303162502262541
0.8308939083289021
0.8313941141011488
0.8318210947464028
0.8321796440050055
0.8324750965165877
0.8327132782413
0.8329004287600906
0.8330430921196603
0.8331479745398079
0.83322177001035
0.8332709587608724
0.8333015888617141
0.833319057619515
0.8333279163582767
0.8333317283149685
