3.7193380049531586e-12
3.77896877174608e-12
3.841973928065867e-12
3.908804149866721e-12
3.979601465583853e-12
4.054602662398793e-12
4.1341658378593994e-12
3.3994848168846872e-12
3.4725322410048164e-12
3.5502159626070442e-12
3.632851356873339e-12
3.720760391286718e-12
3.814317097074852e-12
3.9139962194968465e-12
4.0202212943536865e-12
4.1335770364606e-12
3.4380243411742373e-12
3.543820080356771e-12
3.657135911384743e-12
3.778332186927692e-12
3.908356554227337e-12
4.047793527726947e-12
4.197654127993253e-12
3.5319130916376445e-12
3.674062136564507e-12
3.8273075294087494e-12
3.9926978263986555e-12
4.171490950803318e-12
3.5453059795395717e-12
3.717431013999731e-12
3.904327149573349e-12
4.107448876083497e-12
4.32863749535523e-12
3.721935130899562e-12
3.938758304020908e-12
4.176083962024376e-12
3.6199001285163e-12
3.855595173467256e-12
4.11506894790497e-12
4.401314169359427e-12
3.860030234127994e-12
4.1497444325057005e-12
4.471508847684067e-12
3.960564021876013e-12
4.291602270592684e-12
3.829322055107646e-12
4.1741288965597105e-12
4.562207371853769e-12
4.117700520909202e-12
4.529858817480971e-12
4.123539210589137e-12
4.567732117634524e-12
4.195887046182e-12
4.682172030926531e-12
4.342648251944333e-12
4.050319821989701e-12
4.5764860918322435e-12
4.313884262222643e-12
4.916539042191045e-12
4.686941986396522e-12
4.497337620981617e-12
4.344649281625005e-12
5.053193893370105e-12
4.944710216962382e-12
4.874652903715583e-12
4.842673019503497e-12
4.849324845328622e-12
4.896105303786492e-12
4.985608880916184e-12
5.121675725457203e-12
5.309646912188159e-12
5.556709448105109e-12
4.989007764063328e-12
5.335707632589196e-12
5.76685587982692e-12
5.3836001622852056e-12
5.1031629043071875e-12
5.7288476096626526e-12
5.596826191494164e-12
5.561685339155827e-12
5.6252567774298135e-12
5.794850584638642e-12
6.084306708413108e-12
6.515764335062768e-12
6.210690901718916e-12
6.0793248864824475e-12
6.978155668948405e-12
7.206502476769532e-12
6.760208221676585e-12
7.441343778148035e-12
7.504737441018933e-12
7.8776856811104e-12
7.697131122183758e-12
7.908103242423212e-12
8.5616628170921e-12
8.833429428341811e-12
8.804957318020248e-12
9.461330259154756e-12
1.0040470471669933e-11
1.0694015108601161e-11
1.163021229612767e-11
1.2170868747954457e-11
1.267780656288655e-11
1.3629099244686307e-11
1.475996894417147e-11
1.6096134354018968e-11
1.8122269570091168e-11
2.1180614211204592e-11
2.410900474170207e-11
2.8354668477866955e-11
3.507681844545285e-11
4.527237855626202e-11
6.404165775665786e-11
1.0862730427038217e-10
0.5298122241225763
0.5452449784496536
0.557779117228442
0.5687195086298611
0.5785958405131117
0.587690114446612
0.5961759122470346
0.6041698932668305
0.6117552076978555
0.6189936653485089
0.6259326811020143
0.6326095235861406
0.6390540567471724
0.6452905856721094
0.6513391430819099
0.657216412157371
0.6629364047984695
0.668510970652308
0.6739501860980356
0.6792626562938356
0.6844557530302604
0.6895358044294196
0.6945082479759987
0.6993777552634146
0.7041483346677677
0.708823416610975
0.7134059249616881
0.7178983373075724
0.7223027362262857
0.72662085321179
0.7308541065947245
0.7350036345010033
0.7390703237155467
0.7430548351281041
0.7469576263448174
0.7507789719204535
0.7545189816117257
0.7581776169675544
0.7617547065353756
0.7652499599207495
0.7686629808958125
0.7719932797343072
0.7752402849258833
0.7784033544060665
0.7814817864248979
0.7844748301672705
0.7873816962272474
0.7902015670410414
0.7929336073645291
0.7955769748969427
0.7981308311321911
0.8005943525347752
0.8029667421259921
0.8052472415693873
0.8074351438483862
0.8095298066220143
0.8115306663475318
0.81343725325466
0.8152492072494721
0.8169662948207147
0.8185884270056552
0.820115678456913
0.8215483076259726
0.8228867780452276
0.8241317806427971
0.8252842569674813
0.8263454231157653
0.8273167940543733
0.8282002078981797
0.8289978495393733
0.829712272818567
0.8303464201879113
0.8309036385192132
0.8313876893883764
0.8318027518062919
0.83215341500569
0.8324446585673321
0.8326818169419257
0.832870525387003
0.8330166446131354
0.8331261621708843
0.8332050699898055
0.8332592196556645
0.8332941601313011
0.8333149666862577
0.833326074627407
0.8333311365100493
