3.6360118116107027e-12
3.649612992238478e-12
3.6654859517058084e-12
3.680239990126097e-12
3.696545431477499e-12
3.713390117614406e-12
3.7318705817844145e-12
3.7499210476263225e-12
3.770204668870967e-12
3.7904437118289056e-12
3.812763902050908e-12
3.835395131869108e-12
3.860209807115799e-12
3.88523390007256e-12
3.911862056521848e-12
3.941052112745574e-12
3.9712343006773215e-12
4.002520070904894e-12
4.035726007910219e-12
3.263933442990969e-12
3.2940152426031856e-12
3.325954751883253e-12
3.3593812464517345e-12
3.3956041096226213e-12
3.4341280233841456e-12
3.4729306737112447e-12
3.5154288126489864e-12
3.5610557071715143e-12
3.6085895955546783e-12
3.659325724707107e-12
3.713789192800812e-12
3.770294395289695e-12
3.830910975928278e-12
3.896299560400993e-12
3.964554961799216e-12
4.038285760217785e-12
3.3072520743739083e-12
3.3759361661446806e-12
3.4480885770594185e-12
3.5265866924625424e-12
3.6095320542921225e-12
3.698073924828959e-12
3.793747707184976e-12
3.897617600231457e-12
4.007625021531545e-12
4.127832984497502e-12
3.428465586425922e-12
3.5411533354702418e-12
3.662953873150358e-12
3.7956730707677375e-12
3.940906335611954e-12
4.096888925044789e-12
3.4447903246428697e-12
3.5967961699119608e-12
3.762156523473869e-12
3.944649921399096e-12
4.145012702920653e-12
3.5312728050922383e-12
3.7306246847151175e-12
3.949657967188678e-12
4.193995508451991e-12
3.620851171814481e-12
3.869330871719455e-12
4.147276718018553e-12
3.6239660190385425e-12
3.911807641503871e-12
4.23829453056618e-12
3.754196611089734e-12
4.101927450209617e-12
3.670929959510916e-12
4.048679952052464e-12
3.6666733223387015e-12
4.0855260369647495e-12
3.747024460488123e-12
4.222475885633552e-12
3.927230161594424e-12
4.481729478226249e-12
4.232628720143361e-12
4.033967259322922e-12
4.703947872514093e-12
4.563576566716263e-12
4.4733421301935484e-12
4.4332197241232195e-12
4.443150302148991e-12
4.508145990283923e-12
4.63076979535737e-12
4.819550985465921e-12
5.0877626093477165e-12
4.565453958464665e-12
4.976304088509629e-12
4.637970331940275e-12
5.236755916586357e-12
5.090552161858218e-12
5.068333576039932e-12
5.173839252337056e-12
5.4231801980995506e-12
5.8450031776721525e-12
5.561826261817205e-12
5.491458369059066e-12
5.6381291334173635e-12
6.030709925103644e-12
5.8549175550382194e-12
5.994422480895608e-12
6.487878241750366e-12
6.549153191820352e-12
7.0944447312713475e-12
7.341984701594899e-12
7.38882080202305e-12
8.232674474261684e-12
8.270136703328034e-12
8.593507947973463e-12
9.457664887491506e-12
1.0343100986405684e-11
1.0816652881069386e-11
1.15612104693717e-11
1.3568022414757101e-11
1.4609041484319345e-11
1.608641693207806e-11
1.904431063953806e-11
2.2879676606922604e-11
2.8034750744155568e-11
3.6640086491549934e-11
5.292456930308198e-11
1.019508380266303e-10
0.6689622813140362
0.6725897759275892
0.6762219971752508
0.6798577030670886
0.6834955810095068
0.6871342487391376
0.6907722553356044
0.6944080823367916
0.6980401449570268
0.7016667934279003
0.7052863144595151
0.7088969328412781
0.7124968131797909
0.7160840617857078
0.7196567287166151
0.7232128099698559
0.7267502498412958
0.7302669434444783
0.7337607393915692
0.7372294426451284
0.7406708175272382
0.7440825908990815
0.7474624555012814
0.7508080734573869
0.7541170799388626
0.7573870869913133
0.7606156875197521
0.7638004594393182
0.7669389699878751
0.7700287802078202
0.7730674496088499
0.7760525410140214
0.7789816256132042
0.7818522882395135
0.7846621328940528
0.7874087885564464
0.7900899153180476
0.79270321089048
0.795246417545754
0.7977173295623922
0.8001138012558207
0.8024337556879438
0.8046751941612414
0.8068362066148157
0.808914983050785
0.8109098261286791
0.8128191650720091
0.8146415710335603
0.8163757740625238
0.8180206818051257
0.8195754000485378
0.8210392551825505
0.8224118185999638
0.8236929329844498
0.8248827403322088
0.8259817114266359
0.8269906763175372
0.827910855149693
0.8287438884430446
0.8294918656295296
0.8301573503204055
0.8307434004169978
0.8312535807920893
0.831691965902468
0.8320631293793572
0.8323721174354433
0.8326244029278627
0.8328258172060506
0.8329824575831322
0.8331005695448674
0.8331864047558349
0.8332460586358916
0.833285294743968
0.8333093672445104
0.8333228569327222
0.8333295398785573
0.8333323096001375
