9.671264432662015e-12
9.753871475943627e-12
9.836226617861157e-12
9.921584238978652e-12
1.0017768643664235e-11
1.0125335859034776e-11
9.308555676021261e-12
9.413918346129433e-12
9.52414744325681e-12
9.63338668698664e-12
9.75208161648769e-12
9.884786543418225e-12
1.0012261919835581e-11
1.0164297743931599e-11
9.39740890341601e-12
9.542995245081323e-12
9.703659811496291e-12
9.866523646554334e-12
1.0046127725681686e-11
9.325138878451217e-12
9.510571573374311e-12
9.715602741502029e-12
9.918655863890183e-12
1.0144006329591437e-11
9.46593958547349e-12
9.704679860841027e-12
9.956831958788307e-12
1.022313510690366e-11
9.589427646982119e-12
9.87699723047533e-12
1.0187736601338097e-11
9.601892260237552e-12
9.925804541421696e-12
1.0282330968711705e-11
9.733426768685613e-12
1.011688861712364e-11
9.61915434838309e-12
1.0029732001646553e-11
1.0489501306807623e-11
1.0031920287925178e-11
1.0525575732283027e-11
1.0114611396336129e-11
9.753752993191662e-12
1.0301224287959007e-11
9.985502232730654e-12
1.0602371665437457e-11
1.0339105428433841e-11
1.0112562586368814e-11
9.916846233952951e-12
1.0667133943090236e-11
1.0545839973722278e-11
1.0470919060278092e-11
1.0414630087992698e-11
1.0418993115056636e-11
1.0469975608173915e-11
1.0572061263820215e-11
1.0724988531931056e-11
1.0935784271553384e-11
1.12164110111706e-11
1.0633372685849706e-11
1.103078118625938e-11
1.0592394638534551e-11
1.113465734620076e-11
1.0852908370688514e-11
1.157800088216631e-11
1.1462142799508646e-11
1.1466302280450213e-11
1.156096881508152e-11
1.1778291319386945e-11
1.2115319994422294e-11
1.1662307463779985e-11
1.2275120415265422e-11
1.2117935373469834e-11
1.2130377574426457e-11
1.2323795143185018e-11
1.2710493406223622e-11
1.332564029325551e-11
1.3226809597939342e-11
1.3399617465857045e-11
1.3844811213329912e-11
1.3671301955640558e-11
1.477685373076675e-11
1.4386231797302877e-11
1.5352880072034777e-11
1.4916571081822654e-11
1.5938919986641652e-11
1.6610475108834965e-11
1.7009302049178352e-11
1.7203256879605997e-11
1.8275968917086514e-11
1.8432226002338653e-11
1.9735099074688534e-11
2.046320992499353e-11
2.085805370612837e-11
2.215230785097086e-11
2.3744326434968618e-11
2.513403195141711e-11
2.693013863499629e-11
2.7964539055428845e-11
3.0266292765947496e-11
3.3367566425780965e-11
3.54659060724842e-11
3.965359010240537e-11
4.491690830957475e-11
5.1135954476200364e-11
6.011401271912746e-11
7.112297439229248e-11
9.440631999406444e-11
1.335387375873511e-10
2.2909086664904187e-10
0.5096880337894254
0.5220805824878388
0.5333246974530186
0.5436966224946173
0.5533760628332142
0.5624881737664431
0.5711243757284836
0.5793538513927734
0.5872304054486871
0.5947968028983841
0.602087640939747
0.60913132159822
0.6159514486447443
0.6225678425468979
0.6289972942503256
0.6352541357115351
0.6413506789449916
0.6472975588738012
0.6531040045476002
0.6587780562153841
0.6643267408778619
0.6697562156244228
0.6750718856639247
0.6802785022958316
0.6853802448096429
0.6903807894102578
0.6952833675827255
0.7000908157911607
0.7048056180337015
0.7094299424584207
0.7139656730244389
0.7184144370014223
0.7227776289697405
0.7270564318510743
0.7312518354325018
0.7353646527450456
0.7393955346295514
0.7433449827505273
0.7472133612936672
0.7510009075430796
0.7547077415204385
0.758333874826635
0.7618792188340796
0.7653435923436176
0.7687267288199062
0.7720282833065508
0.7752478391159321
0.7783849143834783
0.7814389685727973
0.7844094090134786
0.7872955975588113
0.7900968574390141
0.7928124804007483
0.7954417342115664
0.7979838706233194
0.8004381338801211
0.8028037698713222
0.805080036026706
0.807266212059252
0.8093616116682539
0.8113655953169556
0.8132775842083569
0.8150970755856942
0.8168236594890775
0.8184570371015764
0.8199970408144178
0.8214436561448365
0.8227970456012785
0.8240575745909322
0.8252258393981956
0.8263026971935092
0.8272892979206686
0.8281871177536992
0.8289979935785227
0.8297241576581716
0.8303682712298672
0.8309334552768425
0.8314233161027227
0.8318419626293022
0.8321940115871393
0.8324845760611977
0.8327192323143292
0.8329039596552792
0.8330450485942096
0.8331489739658801
0.8332222324178651
0.8332711479388994
0.8333016550301516
0.8333190764512226
0.8333279203970211
0.8333317288886017
