3.6095108589057945e-12
3.6218855139081165e-12
3.6356181846367773e-12
3.649234623897892e-12
3.664021359991532e-12
3.679425796769417e-12
3.695334363758037e-12
3.7120330279304045e-12
3.730172238560784e-12
3.748393673251967e-12
3.7680314784450575e-12
3.789098265194207e-12
3.810530658564332e-12
3.834091417622832e-12
3.857926943168276e-12
3.884107081442707e-12
3.910160751667489e-12
3.939189829960991e-12
3.96930884682335e-12
4.000765175424128e-12
4.033795688071108e-12
3.2619814221478144e-12
3.292305574047619e-12
3.3240738977583828e-12
3.3571931821918325e-12
3.3929010006127974e-12
3.4312196685069325e-12
3.4712544503686704e-12
3.513042254785233e-12
3.5578728746675143e-12
3.6051514574966687e-12
3.655609249856293e-12
3.70968331184847e-12
3.7663434742170334e-12
3.827757211032378e-12
3.891801931367923e-12
3.960131102294231e-12
4.03358166923108e-12
3.3035055186349908e-12
3.3711598672610293e-12
3.443025619596373e-12
3.5202622660895053e-12
3.6037817861781933e-12
3.692577282032027e-12
3.787785329639905e-12
3.889883415206461e-12
3.999827796222947e-12
4.119110280369385e-12
3.4211177540994758e-12
3.5334783783551894e-12
3.655597220175923e-12
3.7872064217583805e-12
3.930872910223385e-12
4.0860129159948405e-12
3.435562910284852e-12
3.5860087621507235e-12
3.750845932289938e-12
3.932389138625708e-12
4.131559809942341e-12
3.5189414231908514e-12
3.7172389047093115e-12
3.935609120385561e-12
4.17779253085343e-12
3.6062229522170254e-12
3.851247406911436e-12
4.127788299229976e-12
3.60510041486194e-12
3.891223484277123e-12
4.215152044083167e-12
3.732347624042493e-12
4.0772002866945274e-12
3.6482044950217225e-12
4.022148275547611e-12
4.454884468479814e-12
4.0557997437258734e-12
3.717864676482018e-12
4.188090431585679e-12
3.893350080500326e-12
4.441229402532723e-12
4.192521176640445e-12
3.9941234828056595e-12
4.654576528989677e-12
4.513573035437022e-12
4.421478448641038e-12
4.379398682663385e-12
4.3852815978554105e-12
4.4467998929346085e-12
4.564191786432762e-12
4.746993693372942e-12
5.00690240373882e-12
4.48846081146942e-12
4.886584420540254e-12
4.55063555987642e-12
5.133493748995093e-12
4.983787209501884e-12
4.955014695879923e-12
5.051152768807159e-12
5.287576633100781e-12
5.6908480324065754e-12
5.404278908645163e-12
5.326630534171259e-12
5.456785813925932e-12
5.824962356680809e-12
6.493047905539753e-12
6.6037235946068286e-12
6.217063099778412e-12
7.1163168484007435e-12
6.7531648536093306e-12
6.961407786973824e-12
7.829889632352903e-12
7.73567531360885e-12
8.588320373165992e-12
8.821407018618325e-12
9.587461017210091e-12
1.0338492650139772e-11
1.0639830708067713e-11
1.2068384135122437e-11
1.2840420995384985e-11
1.4387118721530313e-11
1.6174015667635966e-11
1.9125415624340613e-11
2.2328828200532434e-11
2.7498782452056777e-11
3.5854929318212316e-11
5.210149629870375e-11
9.546432899174742e-11
0.6738001709904267
0.6774139807303716
0.6810303634606697
0.6846480214192548
0.6882655919887453
0.6918816488154865
0.6954947030001903
0.6991032043737315
0.7027055428606269
0.7063000499435119
0.7098850002229412
0.7134586130847512
0.7170190544780904
0.7205644387999447
0.724092830899395
0.7276022481893336
0.7310906628766562
0.7345560043093987
0.7379961614352806
0.7414089853741253
0.744792292106483
0.7481438652723501
0.7514614590823934
0.7547428013410478
0.757985596582323
0.7611875293207819
0.7643462674190344
0.7674594655833586
0.7705247689871982
0.7735398170438192
0.7765022473351642
0.7794096997259976
0.782259820681635
0.7850502678296998
0.7877787148019416
0.7904428564090038
0.793040414205076
0.7955691425175225
0.7980268350222505
0.8004113319635331
0.8027205281300813
0.8049523817147307
0.8071049242007997
0.8091762714336531
0.8111646360504247
0.8130683414534484
0.8148858375209305
0.81661571825328
0.8182567415470796
0.8198078512744862
0.8212682018147895
0.8226371851350684
0.8239144604425666
0.8250999863235733
0.8261940551416169
0.8271973292729262
0.8281108785170832
0.8289362177108852
0.8296753432056891
0.830330766431789
0.8309055422750075
0.8314032894579375
0.8318281995572618
0.8321850307978155
0.8324790823608931
0.8327161448173581
0.8329024225304016
0.8330444247172957
0.8331488235070891
0.8332222800309494
0.8332712435214829
0.8333017336483935
0.8333191226912107
0.8333279410410791
0.8333317356269796
